0
1
2
3
4
5
6
7
8
9
10
11
12
13
14
15
16
17
18
19
20
21
22
23
24
25
30
31
32
33
34
35
40
41
42
43
44
45
50
51
52
53
56
60
61
62
63
64
65
70
72
73
74
75
76
77
78
79
80
81
82
83
84
85
86
87
88
89
90
92
95
96
100
101
102
103
104
105
106
107
108
109
110
111
130
131
132
200
201
202
203
204
205
206
207
208
209
211
212
213
215
216
217
218
219
220
221
223
224
225
226
227
228
229
230
231
232
233
234
236
240
241
242
243
244
245
246
247
248
249
250
251
252
253
260
280
281
283
284
285
286
287
288
289
290
291
292
293
300
301
305
306
307
308
310
312
320
321
340
341
342
343
344
345
346
347
348
349
350
360
363
380
381
400
401
405
410
411
420
421
422
423
428
440
441
442
443
480
500
501
502
503
504
510
513
540
550
560
561
562
570
571
572
573
590
620
629
630
640
730
731
732
740
870
900
901
902
903
904
905
906
907
908
909
910
912
913
914
915
916
917
918
919
920
921
922
923
924
925
926
927
928
929
930
931
932
933
934
935
936
937
938
939
940
941
942
943
944
945
946
947
948
949
950
951
953
954
955
956
957
958
959
960
961
962
963
964
965
966
967
968
969
970
971
972
973
974
975
976
979
984
985
994
995
997
1000
1003
1200
1203
1204
1220
1221
1222
1300
1301
1302
1303
1304
1305
1306
1307
1308
1309
1313
1314
1315
1316
1317
1318
1500
1502
1510
1520
1530
1540
1600
1610
1620
1630
1634
1640
1644
1660
1670
1690
1700
1710
1800
1900
2100
2120
2130
2144
2145
2200
2270
2280
2290
2300
2310
2320
2330
2340
2350
2360
2370
2390
2400
2401
2402
2403
2405
2406
2412
2430
2450
2460
2500
2505
2510
2520
2530
2600
2610
2620
2625
2630
2635
2640
2645
2720
2740
2800
2810
2900
2910
2920
2930
2990
3000
3010
3200
3210
3300
3302
3310
3312
3320
3322
3330
3332
3340
3342
3350
3352
3360
3362
3370
3372
3380
3382
3390
3392
3400
3402
3410
3412
3420
3422
3430
3432
3440
3442
3450
3452
3460
3462
3470
3472
3590
3700
3800
3810
3820
3830
3840
3900
3910
3920
3930
3960
3970
4000
4001
4020
4100
4102
4230
4240
4300
4400
4410
4500
4600
4610
4700
4710
4730
4800
4900
4910
4920
5015
5016
5032
5035
5036
5049
5052
5053
5073
5138
5139
5141
6020
6100
6110
6200
6210
6300
6310
6320
6400
6410
6510
6530
6540
6570
6600
6610
6860
6880
6930
6940
7060
7080
7110
7420
7600
7670
7710
7940
8340
8350
8360
8370
8380
8400
8670
8930
9000
9010
9030
9040
9050
9060
9070
9080
9090
9100
9120
9130
9180
9480
9880
9985
10010
10150
11020
11250
12120
12900
13140
13210
13520
15100
15680
16450
16465
17020
17390
17450
17460
17500
17505
17510
17515
17520
17525
17530
17535
17550
17570
17580
17600
17700
17705
17710
17730
18000
18400
19000
21090
21310
22600
23200
24920
24980
25700
25890
26800
29160
29170
32162
33230
34830
35900
36620
39170
40800
41500
42640
47730
47810
47900
48190
49520
50650
55110
57900
63000
65900
93200
99300
99900
102500
102700
105400
105411
105412
105413
105414
105415
105450
105600
107100
111710
115320
201890
203140
207750
208140
208480
220240
220700
222860
229830
232250
232290
232330
232370
238430
243730
243750
244310
901242
