76561198012572416 500 0 1757 0.287671232877
76561198012572416 17410 0 1102 -1
76561198012572416 10180 0 807 0.28
76561198012572416 10190 0 4092 -1
76561198012572416 550 0 481 0.0428571428571
76561198012572416 223530 0 0 -1
76561198012572416 8930 0 4764 0.0940766550523
76561198012572416 50620 0 358 0.139534883721
76561198012572416 47870 0 1249 -1
76561198012572416 34270 0 167 -1
76561198012572416 47780 0 135 -1
76561198012572416 71250 0 38 0.0
76561198012572416 107100 0 291 0.125
76561198012572416 72850 0 606 0.04
76561198012572416 211420 0 485 0.0
76561198012572416 202170 0 274 0.0677966101695
76561198012572416 200260 0 204 0.09375
76561198012572416 200510 0 48 0.0470588235294
76561198012572416 205790 0 0 -1
76561198012572416 221380 0 311 0.027027027027
76561198012572416 113020 0 197 0.0769230769231
76561198012572416 242920 0 2045 0.166666666667
76561198012572416 234670 0 543 0.277777777778
76561198012572416 7670 0 0 -1
76561198012572416 8850 0 0 0.0
76561198012572416 8870 0 0 0.0

76561198037416388 10180 0 348 0.4
76561198037416388 10190 0 56 -1
76561198037416388 44320 0 170 -1
76561198037416388 202970 0 590 0.428571428571
76561198037416388 202990 0 0 0.0
76561198037416388 212910 0 1 0.0

76561198039606370 2600 0 897 -1
76561198039606370 320 0 0 -1
76561198039606370 340 0 0 -1
76561198039606370 400 0 436 0.266666666667
76561198039606370 15100 0 923 -1
76561198039606370 20900 0 3064 -1
76561198039606370 22100 0 213 -1
76561198039606370 19980 0 124 -1
76561198039606370 17460 0 1895 -1
76561198039606370 26800 0 707 0.916666666667
76561198039606370 29160 0 233 -1
76561198039606370 23490 0 464 -1
76561198039606370 17450 0 4401 -1
76561198039606370 550 0 99 0.0
76561198039606370 223530 0 0 -1
76561198039606370 22370 0 353 -1
76561198039606370 24980 0 1540 -1
76561198039606370 33230 0 1713 -1
76561198039606370 8930 0 11973 0.303135888502
76561198039606370 38600 0 800 0.8
76561198039606370 42910 0 338 0.193181818182
76561198039606370 620 0 755 0.352941176471
76561198039606370 72200 0 112 0.625
76561198039606370 105600 0 27 -1
76561198039606370 20920 0 261 0.0576923076923
76561198039606370 102820 0 1696 -1
76561198039606370 107100 0 1277 0.375
76561198039606370 113200 31 688 0.119047619048
76561198039606370 72850 0 8866 0.586666666667
76561198039606370 108710 0 967 0.462686567164
76561198039606370 110800 0 2556 0.266666666667
76561198039606370 207690 0 178 0.603773584906
76561198039606370 209370 0 574 0.642857142857
76561198039606370 207610 0 2093 0.833333333333
76561198039606370 205790 0 0 -1
76561198039606370 94300 0 179 -1
76561198039606370 206440 0 449 0.0
76561198039606370 214340 0 271 0.315789473684
76561198039606370 211420 0 458 0.0
76561198039606370 212050 0 1073 0.684210526316
76561198039606370 202170 0 1340 0.305084745763
76561198039606370 215670 0 33 -1
76561198039606370 212680 0 1371 -1
76561198039606370 220780 0 293 0.657142857143
76561198039606370 49520 0 2716 0.434782608696
76561198039606370 217690 0 264 0.314285714286
76561198039606370 200710 0 1330 0.414634146341
76561198039606370 205100 0 1311 0.175
76561198039606370 200510 0 3415 0.388235294118
76561198039606370 222160 0 101 -1
76561198039606370 219890 0 451 -1
76561198039606370 245550 0 151 0.2
76561198039606370 8870 0 801 0.3
76561198039606370 113020 0 477 0.0769230769231
76561198039606370 224760 0 138 0.0833333333333
76561198039606370 219740 0 365 -1
76561198039606370 238210 0 115 -1
76561198039606370 231160 0 468 1.0
76561198039606370 239030 0 1061 0.384615384615
76561198039606370 221910 0 136 0.5
76561198039606370 213670 0 819 0.44

